0.083,0
0.133,0
0.183,0
0.233,0
0.283,0
0.333,0
0.383,0
0.433,0
0.483,0
0.533,0
0.583,0.00718955
0.633,0.00751352
0.683,0.00784258
0.733,0.00817574
0.783,0.00851227
0.833,0.0088516
0.883,0.0275798
0.933,0.0286107
0.983,0.0296467
1.033,0.0511451
1.083,0.0528853
1.133,0.054631
1.183,0.0563815
1.233,0.0813906
1.283,0.0838524
1.333,0.0863188
1.383,0.0887894
1.433,0.0912637
1.483,0.120525
1.533,0.123714
1.583,0.126907
1.633,0.130103
1.683,0.133303
1.733,0.136504
1.783,0.139709
1.833,0.142915
1.883,0.178596
1.933,0.18252
1.983,0.186446
2.033,0.190375
2.083,0.194305
2.133,0.198237
2.183,0.20217
2.233,0.206105
2.283,0.210041
2.333,0.213979
2.383,0.217918
2.433,0.262196
2.483,0.266854
2.533,0.271513
2.583,0.276173
2.633,0.280834
2.683,0.285497
2.733,0.29016
2.783,0.294824
2.833,0.299489
2.883,0.304155
2.933,0.308822
2.983,0.313489
3.033,0.318157
3.083,0.322826
3.133,0.327495
3.183,0.332165
3.233,0.336836
3.283,0.341507
3.333,0.346178
3.383,0.404827
3.433,0.410219
3.483,0.415611
3.533,0.421004
3.583,0.426397
3.633,0.43179
3.683,0.437184
3.733,0.442578
3.783,0.447973
3.833,0.453368
3.883,0.458764
3.933,0.46416
3.983,0.469556
4.033,0.474953
4.083,0.48035
4.133,0.485747
4.183,0.491145
4.233,0.496543
4.283,0.501941
4.333,0.507339
4.383,0.512738
4.433,0.518137
4.483,0.523536
4.533,0.528936
4.583,0.534335
4.633,0.539735
4.683,0.545135
4.733,0.550536
4.783,0.555936
4.833,0.561337
4.883,0.566738
4.933,0.572139
4.983,0.57754
5.033,0.582942
5.083,0.588343
5.133,0.593745
5.183,0.599147
5.233,0.685156
5.283,0.691279
5.333,0.697401
5.383,0.703524
5.433,0.709647
5.483,0.71577
5.533,0.721894
5.583,0.728017
5.633,0.734141
5.683,0.740265
5.733,0.746389
5.783,0.752513
5.833,0.758637
5.883,0.764761
5.933,0.770886
5.983,0.77701
6.033,0.783135
6.083,0.78926
6.133,0.795385
6.183,0.80151
6.233,0.807635
6.283,0.81376
6.333,0.819885
6.383,0.82601
6.433,0.832136
6.483,0.838262
6.533,0.844387
6.583,0.850513
6.633,0.856639
6.683,0.862765
6.733,0.868891
6.783,0.875017
6.833,0.881143
6.883,0.887269
6.933,0.893395
6.983,0.899522
7.033,0.905648
7.083,0.911775
7.133,0.917901
7.183,0.924028
7.233,0.930155
7.283,0.936282
7.333,0.942408
7.383,0.948535
7.433,0.954662
7.483,0.960789
7.533,0.966917
7.583,0.973044
7.633,0.979171
7.683,0.985298
7.733,0.991425
7.783,0.997553
7.833,1.00368
7.883,1.00981
7.933,1.01594
7.983,1.02206
8.033,1.02819
8.083,1.03432
8.133,1.04045
8.183,1.04657
8.233,1.0527
8.283,1.05883
8.333,1.06496
8.383,1.07109
8.433,1.07721
8.483,1.08334
8.533,1.08947
8.583,1.0956
8.633,1.10173
8.683,1.10785
8.733,1.11398
8.783,1.12011
8.833,1.12624
8.883,1.13237
8.933,1.1385
8.983,1.14462
9.033,1.15075
9.083,1.15688
9.133,1.16301
9.183,1.16914
9.233,1.17527
9.283,1.18139
9.333,1.18752
9.383,1.19365
9.433,1.19978
9.483,1.20591
9.533,1.21204
9.583,1.21817
9.633,1.2243
9.683,1.23042
9.733,1.23655
9.783,1.24268
9.833,1.24881
9.883,1.25494
9.933,1.26107
9.983,1.2672
10.033,1.27333
10.083,1.27946
10.133,1.28558
10.183,1.29171
10.233,1.29784
10.283,1.30397
10.333,1.3101
10.383,1.31623
10.433,1.32236
10.483,1.32849
10.533,1.33462
10.583,1.34075
10.633,1.34688
10.683,1.35301
10.733,1.35914
10.783,1.36526
10.833,1.37139
10.883,1.37752
10.933,1.38365
10.983,1.38978
11.033,1.39591
11.083,1.40204
11.133,1.40817
11.183,1.4143
11.233,1.42043
11.283,1.42656
11.333,1.43269
11.383,1.43882
11.433,1.44495
11.483,1.45108
11.533,1.45721
11.583,1.46334
11.633,1.46947
11.683,1.4756
11.733,1.48173
11.783,1.48786
11.833,1.49398
11.883,1.50011
11.933,1.50624
11.983,1.51237
12.033,1.5185
12.083,1.52463
12.133,1.53076
12.183,1.53689
12.233,1.54302
12.283,1.54915
12.333,1.55528
12.383,1.56141
12.433,1.56754
12.483,1.57367
12.533,1.5798
12.583,1.58593
12.633,1.59206
12.683,1.59819
12.733,1.60432
12.783,1.61045
12.833,1.61658
12.883,1.62271
12.933,1.62884
12.983,1.63497
13.033,1.6411
13.083,1.64723
13.133,1.65336
13.183,1.65949
13.233,1.66562
13.283,1.67175
13.333,1.67788
13.383,1.68401
13.433,1.69014
13.483,1.69627
13.533,1.7024
13.583,1.70853
13.633,1.71466
13.683,1.72079
13.733,1.72692
13.783,1.73305
13.833,1.73918
13.883,1.74531
13.933,1.75144
13.983,1.75757
14.033,1.7637
14.083,1.76983
14.133,1.77596
14.183,1.78209
14.233,1.78822
14.283,1.79435
14.333,1.80049
14.383,1.80662
14.433,1.81275
14.483,1.81888
14.533,1.82501
14.583,1.83114
14.633,1.83727
14.683,1.8434
14.733,1.84953
14.783,1.85566
14.833,1.86179
14.883,1.86792
14.933,1.87405
14.983,1.88018
15.033,1.88631
15.083,1.89244
15.133,1.89857
15.183,1.9047
15.233,1.91083
15.283,1.91696
15.333,1.92309
15.383,1.92922
15.433,1.93535
15.483,1.94148
15.533,1.94761
15.583,1.95374
15.633,1.95987
15.683,1.966
15.733,1.97214
15.783,1.97827
15.833,1.9844
15.883,1.99053
15.933,1.99666
15.983,2.00279
16.033,2.00892
16.083,2.01505
16.133,2.02118
16.183,2.02731
16.233,2.03344
16.283,2.03957
16.333,2.0457
16.383,2.05183
16.433,2.05796
16.483,2.06409
16.533,2.07022
16.583,2.07635
16.633,2.08248
16.683,2.08862
16.733,2.09475
16.783,2.10088
16.833,2.10701
16.883,2.11314
16.933,2.11927
16.983,2.1254
17.033,2.13153
17.083,2.13766
17.133,2.14379
17.183,2.14992
17.233,2.15605
17.283,2.16218
17.333,2.16831
17.383,2.17444
17.433,2.18057
17.483,2.18671
17.533,2.19284
17.583,2.19897
17.633,2.2051
17.683,2.21123
17.733,2.21736
17.783,2.22349
17.833,2.22962
17.883,2.23575
17.933,2.24188
17.983,2.24801
18.033,2.25414
18.083,2.26027
18.133,2.2664
18.183,2.53989
18.233,2.54674
18.283,2.5536
18.333,2.56045
18.383,2.5673
18.433,2.57415
18.483,2.581
18.533,2.58786
18.583,2.59471
18.633,2.60156
18.683,2.60841
18.733,2.61526
18.783,2.62212
18.833,2.62897
18.883,2.63582
18.933,2.64267
18.983,2.64952
19.033,2.65638
19.083,2.66323
19.133,2.67008
19.183,2.67693
19.233,2.68378
19.283,2.69064
19.333,2.69749
19.383,2.70434
19.433,2.71119
19.483,2.71804
19.533,2.7249
19.583,2.73175
19.633,2.7386
19.683,2.74545
19.733,2.7523
19.783,2.75916
19.833,2.76601
19.883,2.77286
19.933,2.77971
19.983,2.78657
